epoch,time,train/box_loss,train/cls_loss,train/dfl_loss,metrics/precision(B),metrics/recall(B),metrics/mAP50(B),metrics/mAP50-95(B),val/box_loss,val/cls_loss,val/dfl_loss,lr/pg0,lr/pg1,lr/pg2
1,197.595,3.05909,2.6821,1.45843,0.3918,0.27919,0.22278,0.07401,2.65706,2.3001,1.3055,0.000332959,0.000332959,0.0670371
2,374.964,2.70473,2.25035,1.32858,0.40433,0.28175,0.249,0.08791,2.51901,2.05004,1.2398,0.000655298,0.000655298,0.0340261
3,552.069,2.59448,2.12943,1.28461,0.39383,0.30639,0.26868,0.09577,2.43213,1.96432,1.23295,0.000966638,0.000966638,0.00100409
4,729.131,2.51774,2.03307,1.25824,0.39957,0.32722,0.28395,0.10693,2.38297,1.85378,1.20297,0.0009505,0.0009505,0.0009505
5,905.967,2.43153,1.95415,1.2237,0.45571,0.36033,0.33926,0.12667,2.27142,1.82256,1.17155,0.000934,0.000934,0.000934
6,1082.24,2.37854,1.88313,1.20506,0.43438,0.34652,0.30567,0.11225,2.28335,1.92212,1.14573,0.0009175,0.0009175,0.0009175
7,1258.82,2.35397,1.8372,1.18469,0.47967,0.36986,0.34672,0.13689,2.2106,1.71614,1.13718,0.000901,0.000901,0.000901
8,1435.52,2.28748,1.77309,1.14175,0.50358,0.38023,0.37019,0.14121,2.1695,1.66653,1.10113,0.0008845,0.0008845,0.0008845
9,1599.39,2.27625,1.74869,1.15245,0.50067,0.39964,0.39009,0.14353,2.15543,1.64436,1.10186,0.000868,0.000868,0.000868
10,1758.09,2.23073,1.72508,1.13423,0.4937,0.38783,0.38053,0.14771,2.18096,1.66312,1.11329,0.0008515,0.0008515,0.0008515
11,1916.36,2.23486,1.68361,1.12912,0.49819,0.37524,0.3703,0.149,2.11097,1.63207,1.08477,0.000835,0.000835,0.000835
12,2074.59,2.19146,1.64793,1.12903,0.53231,0.40559,0.41299,0.16391,2.11665,1.6165,1.09732,0.0008185,0.0008185,0.0008185
13,2233.23,2.18203,1.64339,1.11363,0.55396,0.4088,0.42137,0.16559,2.08949,1.56591,1.07674,0.000802,0.000802,0.000802
14,2392.29,2.15123,1.61322,1.10678,0.55954,0.41016,0.42564,0.16841,2.07834,1.54625,1.07711,0.0007855,0.0007855,0.0007855
15,2551.34,2.11533,1.5627,1.1026,0.52787,0.41646,0.41859,0.16928,2.08213,1.58621,1.07462,0.000769,0.000769,0.000769
16,2710.58,2.08898,1.54902,1.07448,0.54728,0.40832,0.42409,0.17042,2.05865,1.5456,1.06757,0.0007525,0.0007525,0.0007525
17,2870.23,2.08431,1.53628,1.09104,0.55657,0.43736,0.44017,0.18513,2.0377,1.4904,1.06455,0.000736,0.000736,0.000736
18,3029.55,2.06599,1.50078,1.06879,0.56049,0.44351,0.44394,0.18503,1.9912,1.48078,1.05648,0.0007195,0.0007195,0.0007195
19,3188.85,2.06555,1.50443,1.08145,0.56592,0.42251,0.43673,0.18146,2.0343,1.47616,1.06399,0.000703,0.000703,0.000703
20,3347.58,2.0411,1.48084,1.06327,0.53334,0.45022,0.44802,0.19005,1.98567,1.47434,1.04481,0.0006865,0.0006865,0.0006865
21,3506.96,2.01117,1.45615,1.06562,0.59541,0.44195,0.45769,0.19343,1.97791,1.46659,1.04592,0.00067,0.00067,0.00067
22,3666.21,1.99853,1.42719,1.06269,0.56684,0.42687,0.4418,0.18829,2.02254,1.47445,1.05727,0.0006535,0.0006535,0.0006535
23,3825.13,1.97972,1.41802,1.04629,0.55083,0.44192,0.44279,0.19233,1.97552,1.47138,1.04535,0.000637,0.000637,0.000637
24,3984.3,1.9633,1.3837,1.03952,0.58587,0.44007,0.46663,0.19598,1.97323,1.45832,1.03612,0.0006205,0.0006205,0.0006205
25,4143.05,1.96323,1.39361,1.03682,0.58751,0.42708,0.44792,0.19354,1.95871,1.46754,1.03479,0.000604,0.000604,0.000604
26,4302.04,1.95233,1.37047,1.03821,0.565,0.44328,0.4547,0.19575,1.97756,1.43921,1.04974,0.0005875,0.0005875,0.0005875
27,4461.18,1.94582,1.3585,1.02934,0.57856,0.44665,0.4636,0.19717,1.96971,1.45644,1.04062,0.000571,0.000571,0.000571
28,4620.64,1.92875,1.33337,1.02464,0.58212,0.44337,0.46141,0.19895,1.96534,1.42386,1.04495,0.0005545,0.0005545,0.0005545
29,4779.57,1.89994,1.30977,1.02889,0.57004,0.45251,0.45793,0.20139,1.95502,1.42406,1.03518,0.000538,0.000538,0.000538
30,4938.17,1.9102,1.32388,1.02057,0.58836,0.45602,0.47211,0.2015,1.93915,1.42514,1.03559,0.0005215,0.0005215,0.0005215
31,5097.16,1.89085,1.30367,1.01975,0.58961,0.44296,0.46567,0.20032,1.92825,1.40431,1.03595,0.000505,0.000505,0.000505
32,5256.38,1.88066,1.26626,1.01587,0.60476,0.44651,0.46544,0.20242,1.94831,1.41875,1.04942,0.0004885,0.0004885,0.0004885
33,5415,1.86479,1.26415,1.00776,0.58961,0.45522,0.46857,0.20125,1.94162,1.42872,1.03411,0.000472,0.000472,0.000472
34,5573.68,1.85361,1.24877,1.00984,0.59534,0.4371,0.45989,0.20018,1.96074,1.43208,1.03751,0.0004555,0.0004555,0.0004555
35,5732,1.85548,1.25436,1.00317,0.59931,0.45113,0.47663,0.20606,1.91699,1.3978,1.0303,0.000439,0.000439,0.000439
36,5890.18,1.82972,1.21312,0.99845,0.60217,0.44946,0.46545,0.20401,1.93687,1.43878,1.03731,0.0004225,0.0004225,0.0004225
37,6055.79,1.82366,1.20366,0.99724,0.58066,0.46176,0.47081,0.2063,1.9368,1.40371,1.02698,0.000406,0.000406,0.000406
38,6214.54,1.83069,1.21231,0.99333,0.60602,0.45924,0.47916,0.20664,1.92266,1.41306,1.03061,0.0003895,0.0003895,0.0003895
39,6373.24,1.78277,1.17377,0.99234,0.61168,0.45724,0.48047,0.20732,1.92547,1.37607,1.03064,0.000373,0.000373,0.000373
40,6532.35,1.78649,1.16783,0.98864,0.6155,0.45724,0.48145,0.2115,1.91548,1.37697,1.02912,0.0003565,0.0003565,0.0003565
41,6691.16,1.78026,1.15448,0.97832,0.59426,0.46801,0.47872,0.20932,1.92486,1.38788,1.0308,0.00034,0.00034,0.00034
42,6849.65,1.77287,1.13914,0.97827,0.59818,0.45753,0.48177,0.20863,1.93539,1.39345,1.0351,0.0003235,0.0003235,0.0003235
43,7008.32,1.74573,1.12782,0.97044,0.61181,0.46434,0.4858,0.21289,1.91649,1.38546,1.02916,0.000307,0.000307,0.000307
44,7166.86,1.73861,1.11603,0.97094,0.62699,0.46376,0.48687,0.21206,1.92769,1.38411,1.03293,0.0002905,0.0002905,0.0002905
45,7325.15,1.73954,1.11404,0.9716,0.62527,0.46225,0.48724,0.21201,1.9212,1.39869,1.03696,0.000274,0.000274,0.000274
46,7483.77,1.71344,1.09137,0.97161,0.63046,0.45447,0.48293,0.21139,1.92059,1.41308,1.02508,0.0002575,0.0002575,0.0002575
47,7642.06,1.72095,1.09214,0.95919,0.60956,0.45539,0.48048,0.21103,1.92408,1.41006,1.0302,0.000241,0.000241,0.000241
48,7800.69,1.69632,1.07148,0.95594,0.62094,0.47138,0.48865,0.21444,1.91688,1.40713,1.02414,0.0002245,0.0002245,0.0002245
49,7959.04,1.68435,1.06429,0.95412,0.61659,0.46426,0.48417,0.21223,1.92057,1.39967,1.0243,0.000208,0.000208,0.000208
50,8117.42,1.67582,1.04745,0.9528,0.61612,0.46383,0.48374,0.21158,1.91041,1.40498,1.02502,0.0001915,0.0001915,0.0001915
51,8261.25,1.62145,0.96363,0.91709,0.62105,0.45397,0.48184,0.20666,1.94686,1.44517,1.03414,0.000175,0.000175,0.000175
52,8404.49,1.55139,0.9064,0.90162,0.6106,0.45461,0.47601,0.20868,1.93902,1.46277,1.03395,0.0001585,0.0001585,0.0001585
53,8547.75,1.49326,0.86941,0.89078,0.59699,0.46613,0.47511,0.2067,1.94022,1.46242,1.0362,0.000142,0.000142,0.000142
54,8691.34,1.44423,0.83939,0.87959,0.62182,0.44975,0.47519,0.20607,1.95767,1.4902,1.04971,0.0001255,0.0001255,0.0001255
55,8834.74,1.41009,0.81746,0.87271,0.60518,0.45292,0.46547,0.20071,1.97102,1.52828,1.05138,0.000109,0.000109,0.000109
56,8978.29,1.37405,0.79274,0.86459,0.61769,0.44697,0.47028,0.2031,1.96726,1.52245,1.0501,9.25e-05,9.25e-05,9.25e-05
57,9121.46,1.33203,0.76707,0.85813,0.62172,0.43964,0.46408,0.2022,1.97274,1.54787,1.05451,7.6e-05,7.6e-05,7.6e-05
58,9265.1,1.30542,0.75281,0.85526,0.60266,0.44391,0.46112,0.19802,1.98705,1.56536,1.06025,5.95e-05,5.95e-05,5.95e-05
59,9408.3,1.29045,0.74291,0.85057,0.59913,0.44765,0.46107,0.19861,1.98702,1.58339,1.05931,4.3e-05,4.3e-05,4.3e-05
60,9551.78,1.26267,0.72689,0.84651,0.60354,0.44445,0.4622,0.19884,1.98623,1.58414,1.05851,2.65e-05,2.65e-05,2.65e-05
