epoch,time,train/box_loss,train/cls_loss,train/dfl_loss,metrics/precision(B),metrics/recall(B),metrics/mAP50(B),metrics/mAP50-95(B),val/box_loss,val/cls_loss,val/dfl_loss,lr/pg0,lr/pg1,lr/pg2,lr/pg3,lr/pg4,lr/pg5,lr/pg6,lr/pg7
1,411.309,2.24526,1.99681,1.42914,0.32313,0.25169,0.22068,0.11157,1.71644,1.2423,1.1908,0.0133278,0.00444259,0.0133278,0.00444259,0.0133278,0.00444259,0.0133278,0.00444259
2,717.966,1.8947,1.47778,1.24142,0.3095,0.27855,0.21937,0.10679,1.70404,1.20448,1.18093,0.0263092,0.00876973,0.0263092,0.00876973,0.0263092,0.00876973,0.0263092,0.00876973
3,1018.29,1.85226,1.39298,1.22078,0.33644,0.30612,0.24936,0.12718,1.60233,1.13813,1.1402,0.029208,0.009736,0.029208,0.009736,0.029208,0.009736,0.029208,0.009736
4,1317.9,1.7739,1.30539,1.18748,0.37148,0.28479,0.26684,0.14092,1.54076,1.08072,1.11497,0.028812,0.009604,0.028812,0.009604,0.028812,0.009604,0.028812,0.009604
5,1617.77,1.73119,1.25666,1.1708,0.37771,0.30955,0.27813,0.14794,1.52682,1.05411,1.10705,0.028416,0.009472,0.028416,0.009472,0.028416,0.009472,0.028416,0.009472
6,1916.84,1.70255,1.22994,1.15766,0.41385,0.31945,0.30066,0.15948,1.49055,1.01276,1.08697,0.02802,0.00934,0.02802,0.00934,0.02802,0.00934,0.02802,0.00934
7,2217.11,1.67188,1.19547,1.14358,0.40969,0.32363,0.29828,0.16012,1.47157,0.99894,1.08472,0.027624,0.009208,0.027624,0.009208,0.027624,0.009208,0.027624,0.009208
8,2517.52,1.6513,1.17484,1.13329,0.46461,0.31945,0.32476,0.17812,1.44928,0.96943,1.07839,0.027228,0.009076,0.027228,0.009076,0.027228,0.009076,0.027228,0.009076
9,2816.58,1.63065,1.1515,1.12388,0.43371,0.34275,0.33017,0.18155,1.45022,0.97028,1.07181,0.026832,0.008944,0.026832,0.008944,0.026832,0.008944,0.026832,0.008944
10,3116.22,1.61534,1.1373,1.11599,0.46841,0.33653,0.33719,0.18442,1.42259,0.95717,1.06548,0.026436,0.008812,0.026436,0.008812,0.026436,0.008812,0.026436,0.008812
11,3414.51,1.60041,1.12372,1.11034,0.49024,0.33751,0.33749,0.18459,1.4297,0.96192,1.06468,0.02604,0.00868,0.02604,0.00868,0.02604,0.00868,0.02604,0.00868
12,3714.47,1.59048,1.11275,1.10718,0.47449,0.3373,0.34474,0.18648,1.41539,0.93939,1.0588,0.025644,0.008548,0.025644,0.008548,0.025644,0.008548,0.025644,0.008548
13,4014.78,1.57892,1.10286,1.10196,0.46668,0.35833,0.35534,0.19416,1.40976,0.93292,1.05399,0.025248,0.008416,0.025248,0.008416,0.025248,0.008416,0.025248,0.008416
14,4313.06,1.57147,1.09096,1.09539,0.48577,0.33938,0.35037,0.19515,1.39991,0.92887,1.04506,0.024852,0.008284,0.024852,0.008284,0.024852,0.008284,0.024852,0.008284
15,4612.12,1.5648,1.08734,1.09382,0.49195,0.35697,0.36691,0.2043,1.38303,0.90804,1.04343,0.024456,0.008152,0.024456,0.008152,0.024456,0.008152,0.024456,0.008152
16,4910.07,1.55286,1.07106,1.08902,0.49864,0.35342,0.3689,0.20448,1.39,0.90742,1.04335,0.02406,0.00802,0.02406,0.00802,0.02406,0.00802,0.02406,0.00802
17,5208.17,1.54331,1.06384,1.08712,0.47397,0.35132,0.3652,0.20387,1.38153,0.90445,1.04126,0.023664,0.007888,0.023664,0.007888,0.023664,0.007888,0.023664,0.007888
18,5508.89,1.53714,1.06188,1.08567,0.51813,0.37449,0.38561,0.2152,1.36727,0.89268,1.03645,0.023268,0.007756,0.023268,0.007756,0.023268,0.007756,0.023268,0.007756
19,5809.2,1.53115,1.05134,1.0813,0.50298,0.36447,0.37606,0.20631,1.36603,0.89144,1.03432,0.022872,0.007624,0.022872,0.007624,0.022872,0.007624,0.022872,0.007624
20,6109.9,1.52362,1.04167,1.07696,0.5039,0.36062,0.37356,0.20791,1.36849,0.88493,1.0366,0.022476,0.007492,0.022476,0.007492,0.022476,0.007492,0.022476,0.007492
21,6411.8,1.51757,1.0354,1.07475,0.49241,0.37729,0.38543,0.21896,1.34756,0.87104,1.03233,0.02208,0.00736,0.02208,0.00736,0.02208,0.00736,0.02208,0.00736
22,6713.08,1.50768,1.02777,1.06982,0.50642,0.376,0.39074,0.21994,1.34589,0.86919,1.02661,0.021684,0.007228,0.021684,0.007228,0.021684,0.007228,0.021684,0.007228
23,7014.39,1.50223,1.02525,1.06786,0.5015,0.38278,0.39366,0.21928,1.34865,0.87243,1.03021,0.021288,0.007096,0.021288,0.007096,0.021288,0.007096,0.021288,0.007096
24,7315.57,1.49695,1.01449,1.06573,0.53843,0.37447,0.39868,0.226,1.3423,0.85977,1.02573,0.020892,0.006964,0.020892,0.006964,0.020892,0.006964,0.020892,0.006964
25,7617.04,1.49753,1.01176,1.06456,0.53993,0.37748,0.39789,0.22683,1.33443,0.85904,1.02361,0.020496,0.006832,0.020496,0.006832,0.020496,0.006832,0.020496,0.006832
26,7917.38,1.49367,1.01292,1.06388,0.53274,0.39194,0.40627,0.22989,1.32947,0.85947,1.02296,0.0201,0.0067,0.0201,0.0067,0.0201,0.0067,0.0201,0.0067
27,8257.69,1.48668,1.00935,1.05916,0.52853,0.3848,0.40058,0.23085,1.32462,0.85381,1.02052,0.019704,0.006568,0.019704,0.006568,0.019704,0.006568,0.019704,0.006568
28,8586.6,1.4764,0.99842,1.05806,0.53093,0.38012,0.40079,0.23103,1.32747,0.84845,1.01992,0.019308,0.006436,0.019308,0.006436,0.019308,0.006436,0.019308,0.006436
29,8888.55,1.47523,0.99576,1.05912,0.54981,0.38559,0.4059,0.23068,1.32005,0.83854,1.01935,0.018912,0.006304,0.018912,0.006304,0.018912,0.006304,0.018912,0.006304
30,9191.4,1.4745,0.99415,1.05609,0.52797,0.39164,0.40472,0.23339,1.32053,0.84064,1.01476,0.018516,0.006172,0.018516,0.006172,0.018516,0.006172,0.018516,0.006172
31,9496.8,1.46605,0.9855,1.05244,0.54966,0.39432,0.41503,0.2365,1.31731,0.83596,1.01459,0.01812,0.00604,0.01812,0.00604,0.01812,0.00604,0.01812,0.00604
32,9799.37,1.46672,0.9829,1.0524,0.54241,0.39644,0.41899,0.237,1.31267,0.83073,1.01174,0.017724,0.005908,0.017724,0.005908,0.017724,0.005908,0.017724,0.005908
33,10102.5,1.45804,0.97815,1.04821,0.55834,0.38438,0.41881,0.23782,1.30296,0.82597,1.00802,0.017328,0.005776,0.017328,0.005776,0.017328,0.005776,0.017328,0.005776
34,10406.3,1.44878,0.9672,1.04668,0.53831,0.39555,0.42095,0.24012,1.30648,0.82863,1.00981,0.016932,0.005644,0.016932,0.005644,0.016932,0.005644,0.016932,0.005644
35,10710,1.45093,0.96863,1.04892,0.54802,0.38839,0.41671,0.23861,1.30577,0.82476,1.01078,0.016536,0.005512,0.016536,0.005512,0.016536,0.005512,0.016536,0.005512
36,11013.2,1.45003,0.97023,1.0476,0.55013,0.39031,0.41807,0.23884,1.3011,0.82465,1.00729,0.01614,0.00538,0.01614,0.00538,0.01614,0.00538,0.01614,0.00538
37,11317,1.44603,0.96469,1.04567,0.56106,0.39023,0.42121,0.24128,1.30013,0.82123,1.00802,0.015744,0.005248,0.015744,0.005248,0.015744,0.005248,0.015744,0.005248
38,11619.8,1.44118,0.95909,1.0441,0.5554,0.3881,0.41855,0.2389,1.30214,0.82288,1.0082,0.015348,0.005116,0.015348,0.005116,0.015348,0.005116,0.015348,0.005116
39,11921,1.44031,0.95274,1.04094,0.55471,0.39067,0.42064,0.23844,1.30347,0.82001,1.00788,0.014952,0.004984,0.014952,0.004984,0.014952,0.004984,0.014952,0.004984
40,12222.6,1.43245,0.95174,1.0384,0.55232,0.39553,0.42162,0.24236,1.2969,0.81791,1.00759,0.014556,0.004852,0.014556,0.004852,0.014556,0.004852,0.014556,0.004852
41,12528.9,1.43296,0.95161,1.03946,0.58205,0.38819,0.42955,0.24568,1.29507,0.8124,1.00561,0.01416,0.00472,0.01416,0.00472,0.01416,0.00472,0.01416,0.00472
42,12832.8,1.42845,0.94699,1.03653,0.58717,0.38937,0.42835,0.24453,1.29486,0.81234,1.00541,0.013764,0.004588,0.013764,0.004588,0.013764,0.004588,0.013764,0.004588
43,13135.3,1.42385,0.94416,1.03487,0.57151,0.40233,0.43049,0.24552,1.295,0.80889,1.00487,0.013368,0.004456,0.013368,0.004456,0.013368,0.004456,0.013368,0.004456
44,13437.5,1.42569,0.94167,1.03557,0.60474,0.38674,0.43199,0.24544,1.29358,0.8078,1.00534,0.012972,0.004324,0.012972,0.004324,0.012972,0.004324,0.012972,0.004324
45,13739.6,1.41775,0.93417,1.03199,0.55405,0.39669,0.42945,0.24397,1.28868,0.80445,1.00362,0.012576,0.004192,0.012576,0.004192,0.012576,0.004192,0.012576,0.004192
46,14044.1,1.41529,0.9292,1.03202,0.58908,0.39501,0.43283,0.24723,1.28697,0.8013,1.00388,0.01218,0.00406,0.01218,0.00406,0.01218,0.00406,0.01218,0.00406
47,14352.3,1.40916,0.92623,1.02756,0.56194,0.40619,0.43505,0.24835,1.28582,0.79802,1.00074,0.011784,0.003928,0.011784,0.003928,0.011784,0.003928,0.011784,0.003928
48,14661,1.40857,0.92489,1.0303,0.60032,0.40052,0.44153,0.25131,1.28656,0.7964,1.00141,0.011388,0.003796,0.011388,0.003796,0.011388,0.003796,0.011388,0.003796
49,14972.9,1.40532,0.92021,1.02592,0.60799,0.38974,0.44126,0.25195,1.28491,0.79556,1.00135,0.010992,0.003664,0.010992,0.003664,0.010992,0.003664,0.010992,0.003664
50,15274.9,1.40561,0.91937,1.02439,0.57469,0.4109,0.44202,0.2527,1.28712,0.79548,1.00223,0.010596,0.003532,0.010596,0.003532,0.010596,0.003532,0.010596,0.003532
51,15581.2,1.40485,0.91898,1.02781,0.56966,0.40515,0.43875,0.25191,1.27909,0.79509,1.00056,0.0102,0.0034,0.0102,0.0034,0.0102,0.0034,0.0102,0.0034
52,15891.2,1.40201,0.91693,1.02676,0.56858,0.40517,0.43368,0.2492,1.28451,0.79639,1.00098,0.009804,0.003268,0.009804,0.003268,0.009804,0.003268,0.009804,0.003268
53,16191.2,1.39663,0.91311,1.02529,0.57949,0.40476,0.43794,0.24957,1.28337,0.79336,1.00016,0.009408,0.003136,0.009408,0.003136,0.009408,0.003136,0.009408,0.003136
54,16491.2,1.3953,0.90952,1.02178,0.58758,0.40134,0.43857,0.25014,1.28243,0.79454,0.99942,0.009012,0.003004,0.009012,0.003004,0.009012,0.003004,0.009012,0.003004
55,16793,1.38123,0.90287,1.01962,0.57132,0.4081,0.44012,0.25245,1.27818,0.79069,0.99907,0.008616,0.002872,0.008616,0.002872,0.008616,0.002872,0.008616,0.002872
56,17094.2,1.38538,0.90498,1.02265,0.57211,0.40935,0.44079,0.25186,1.2798,0.79082,0.99839,0.00822,0.00274,0.00822,0.00274,0.00822,0.00274,0.00822,0.00274
57,17395.2,1.38479,0.89762,1.01795,0.57938,0.40647,0.4369,0.2521,1.27736,0.79019,0.99665,0.007824,0.002608,0.007824,0.002608,0.007824,0.002608,0.007824,0.002608
58,17695.7,1.37804,0.89687,1.01757,0.59425,0.40247,0.44055,0.25163,1.27753,0.78897,0.99587,0.007428,0.002476,0.007428,0.002476,0.007428,0.002476,0.007428,0.002476
59,17997,1.37661,0.89071,1.01475,0.59218,0.40158,0.44075,0.25206,1.27801,0.78861,0.99631,0.007032,0.002344,0.007032,0.002344,0.007032,0.002344,0.007032,0.002344
60,18297.3,1.3761,0.89096,1.0159,0.59703,0.4032,0.44409,0.25455,1.27699,0.78844,0.99648,0.006636,0.002212,0.006636,0.002212,0.006636,0.002212,0.006636,0.002212
61,18599.5,1.37332,0.88637,1.01404,0.588,0.40005,0.44111,0.25315,1.27833,0.78943,0.99619,0.00624,0.00208,0.00624,0.00208,0.00624,0.00208,0.00624,0.00208
62,18899.6,1.36664,0.88271,1.01042,0.60535,0.39722,0.44465,0.25385,1.27751,0.78728,0.99583,0.005844,0.001948,0.005844,0.001948,0.005844,0.001948,0.005844,0.001948
63,19199.8,1.36346,0.87823,1.01125,0.61058,0.40168,0.44499,0.25321,1.27901,0.78723,0.99595,0.005448,0.001816,0.005448,0.001816,0.005448,0.001816,0.005448,0.001816
64,19499.8,1.36358,0.87959,1.01043,0.61334,0.39941,0.44618,0.25309,1.27745,0.78531,0.99526,0.005052,0.001684,0.005052,0.001684,0.005052,0.001684,0.005052,0.001684
65,19800,1.36027,0.8704,1.00714,0.6027,0.408,0.44759,0.25374,1.27709,0.78481,0.99534,0.004656,0.001552,0.004656,0.001552,0.004656,0.001552,0.004656,0.001552
66,20085.2,1.34212,0.83196,1.00112,0.60261,0.39881,0.44452,0.25228,1.28178,0.78939,0.99641,0.00426,0.00142,0.00426,0.00142,0.00426,0.00142,0.00426,0.00142
67,20371,1.33112,0.81983,0.99603,0.6029,0.39474,0.44301,0.2517,1.28317,0.79037,0.99715,0.003864,0.001288,0.003864,0.001288,0.003864,0.001288,0.003864,0.001288
68,20657.8,1.32212,0.81293,0.99268,0.60238,0.39729,0.44559,0.25186,1.28372,0.7896,0.99702,0.003468,0.001156,0.003468,0.001156,0.003468,0.001156,0.003468,0.001156
69,20943.7,1.31892,0.81032,0.99201,0.58122,0.40457,0.44378,0.24992,1.28416,0.78985,0.99712,0.003072,0.001024,0.003072,0.001024,0.003072,0.001024,0.003072,0.001024
70,21230.5,1.31826,0.80588,0.99177,0.58079,0.40472,0.44213,0.25004,1.28466,0.79013,0.99696,0.002676,0.000892,0.002676,0.000892,0.002676,0.000892,0.002676,0.000892
71,21517.7,1.31405,0.80228,0.98881,0.58414,0.40708,0.44136,0.2494,1.28497,0.7904,0.99694,0.00228,0.00076,0.00228,0.00076,0.00228,0.00076,0.00228,0.00076
72,21805.3,1.30551,0.79867,0.98822,0.57928,0.4073,0.43968,0.24869,1.28679,0.79159,0.99729,0.001884,0.000628,0.001884,0.000628,0.001884,0.000628,0.001884,0.000628
73,22091.6,1.30379,0.79132,0.98466,0.58679,0.40453,0.43953,0.24813,1.28774,0.79253,0.99764,0.001488,0.000496,0.001488,0.000496,0.001488,0.000496,0.001488,0.000496
74,22378.4,1.29963,0.79135,0.98684,0.58443,0.40248,0.43848,0.24792,1.28809,0.79317,0.99772,0.001092,0.000364,0.001092,0.000364,0.001092,0.000364,0.001092,0.000364
75,22665.4,1.29968,0.7893,0.98453,0.58211,0.4054,0.43979,0.24793,1.28833,0.79273,0.99798,0.000696,0.000232,0.000696,0.000232,0.000696,0.000232,0.000696,0.000232
