epoch,time,train/box_loss,train/cls_loss,train/dfl_loss,metrics/precision(B),metrics/recall(B),metrics/mAP50(B),metrics/mAP50-95(B),val/box_loss,val/cls_loss,val/dfl_loss,lr/pg0,lr/pg1,lr/pg2
1,190.573,1.98842,3.03459,2.01386,0.34477,0.45639,0.32661,0.1667,1.77158,2.33331,1.77691,0.00047588,0.00047588,0.00047588
2,344.764,1.95031,2.76935,1.95643,0.27681,0.39903,0.31478,0.16102,1.83444,2.30547,1.74085,0.000939644,0.000939644,0.000939644
3,492.688,1.90691,2.739,1.9419,0.36404,0.44369,0.34182,0.19248,1.67172,2.23725,1.7032,0.00139083,0.00139083,0.00139083
4,639.868,1.83149,2.63537,1.88447,0.43311,0.51993,0.38239,0.20751,1.63129,2.07524,1.65939,0.00137241,0.00137241,0.00137241
5,786.222,1.77561,2.56815,1.84564,0.40172,0.50029,0.37578,0.21501,1.63735,2.08819,1.65116,0.00135355,0.00135355,0.00135355
6,932.286,1.74475,2.4872,1.81664,0.40879,0.51872,0.40999,0.22546,1.58538,1.94748,1.61234,0.00133469,0.00133469,0.00133469
7,1078.67,1.71128,2.40333,1.80079,0.4677,0.51933,0.42043,0.24002,1.57374,1.93819,1.59319,0.00131582,0.00131582,0.00131582
8,1225.45,1.66998,2.35999,1.7641,0.49829,0.52691,0.45931,0.2678,1.50904,1.86872,1.55951,0.00129696,0.00129696,0.00129696
9,1372.2,1.65066,2.30819,1.75151,0.47567,0.55922,0.48094,0.28305,1.48145,1.85389,1.54025,0.0012781,0.0012781,0.0012781
10,1518.01,1.63185,2.29255,1.72899,0.5792,0.52379,0.52185,0.2969,1.53006,1.82321,1.53633,0.00125923,0.00125923,0.00125923
11,1663.34,1.61377,2.22417,1.72382,0.56932,0.52057,0.52125,0.31289,1.46961,1.80195,1.50397,0.00124037,0.00124037,0.00124037
12,1816.88,1.59932,2.21545,1.71059,0.55698,0.56149,0.54704,0.33962,1.44845,1.7286,1.50528,0.00122151,0.00122151,0.00122151
13,1972.05,1.59799,2.17055,1.7019,0.63002,0.53685,0.55965,0.32028,1.50407,1.72914,1.51548,0.00120265,0.00120265,0.00120265
14,2125.76,1.56668,2.1282,1.68738,0.56139,0.53813,0.53673,0.33046,1.3986,1.73283,1.47792,0.00118378,0.00118378,0.00118378
15,2277.85,1.56392,2.11424,1.6692,0.58604,0.5863,0.56623,0.34721,1.43369,1.65176,1.49316,0.00116492,0.00116492,0.00116492
16,2430.64,1.54903,2.09987,1.66734,0.61022,0.54701,0.57864,0.3572,1.43727,1.67391,1.49015,0.00114606,0.00114606,0.00114606
17,2585.65,1.5232,2.05776,1.64862,0.62175,0.61274,0.61025,0.37809,1.39741,1.58939,1.46037,0.0011272,0.0011272,0.0011272
18,2742.45,1.52216,2.02875,1.65382,0.61785,0.59144,0.61494,0.39635,1.39531,1.56415,1.47519,0.00110833,0.00110833,0.00110833
19,2894.92,1.50532,2.03345,1.63581,0.6014,0.6029,0.59457,0.38192,1.37752,1.60237,1.44924,0.00108947,0.00108947,0.00108947
20,3047.12,1.47525,1.96478,1.62129,0.62177,0.58819,0.61033,0.39703,1.35323,1.5602,1.4353,0.00107061,0.00107061,0.00107061
21,3200.46,1.4786,1.94772,1.611,0.59803,0.5939,0.60845,0.40211,1.36026,1.59166,1.42358,0.00105174,0.00105174,0.00105174
22,3352,1.46138,1.92584,1.60334,0.66729,0.62346,0.63698,0.42065,1.3593,1.47586,1.44185,0.00103288,0.00103288,0.00103288
23,3500.25,1.44993,1.90346,1.59812,0.64248,0.61485,0.62894,0.41112,1.35481,1.54669,1.44422,0.00101402,0.00101402,0.00101402
24,3654.5,1.443,1.87049,1.58854,0.65733,0.62674,0.65563,0.43684,1.32646,1.48228,1.40621,0.000995156,0.000995156,0.000995156
25,3805.73,1.41648,1.85471,1.57415,0.64679,0.64158,0.65826,0.44863,1.32951,1.45954,1.42377,0.000976293,0.000976293,0.000976293
26,3952.31,1.42329,1.85765,1.57768,0.65936,0.62472,0.65451,0.43837,1.32917,1.51705,1.41198,0.00095743,0.00095743,0.00095743
27,4098.56,1.42691,1.81523,1.57759,0.67932,0.62834,0.65122,0.43236,1.35549,1.48088,1.43152,0.000938567,0.000938567,0.000938567
28,4245.28,1.40627,1.80461,1.55934,0.658,0.63073,0.63974,0.42656,1.30438,1.46591,1.39206,0.000919704,0.000919704,0.000919704
29,4391.55,1.3898,1.75504,1.54992,0.6671,0.626,0.65328,0.43279,1.34544,1.47076,1.42818,0.000900842,0.000900842,0.000900842
30,4541.63,1.3666,1.73666,1.53754,0.64856,0.63967,0.66798,0.46007,1.28798,1.40437,1.38461,0.000881979,0.000881979,0.000881979
31,4689.2,1.37381,1.71195,1.53272,0.66692,0.64158,0.65349,0.44145,1.32274,1.41682,1.4078,0.000863116,0.000863116,0.000863116
32,4836.32,1.34808,1.68763,1.52776,0.67237,0.62595,0.66388,0.45471,1.29728,1.3945,1.40989,0.000844253,0.000844253,0.000844253
33,4982.38,1.33493,1.68304,1.51866,0.71247,0.63072,0.67529,0.46391,1.29339,1.39822,1.38246,0.00082539,0.00082539,0.00082539
34,5128.57,1.33026,1.64283,1.50622,0.69724,0.60719,0.65675,0.44421,1.30348,1.42845,1.4017,0.000806528,0.000806528,0.000806528
35,5273.37,1.33733,1.63146,1.50761,0.68207,0.64831,0.67529,0.45747,1.28792,1.35881,1.38407,0.000787665,0.000787665,0.000787665
36,5424.36,1.29978,1.59863,1.48798,0.72031,0.6202,0.67448,0.46711,1.29592,1.39971,1.39943,0.000768802,0.000768802,0.000768802
37,5569.97,1.30545,1.60924,1.49252,0.69339,0.64214,0.67964,0.46489,1.28218,1.39186,1.37642,0.000749939,0.000749939,0.000749939
38,5715.83,1.27534,1.5435,1.4712,0.70928,0.63467,0.67924,0.47172,1.28591,1.36155,1.38864,0.000731076,0.000731076,0.000731076
39,5862.34,1.28551,1.55053,1.47561,0.7058,0.62166,0.65912,0.44008,1.32191,1.44552,1.41249,0.000712214,0.000712214,0.000712214
40,6009.55,1.26192,1.52576,1.46358,0.68924,0.65517,0.68136,0.47412,1.29132,1.36807,1.38907,0.000693351,0.000693351,0.000693351
41,6156.24,1.23635,1.48246,1.44133,0.68239,0.64299,0.6749,0.47281,1.29279,1.36805,1.39668,0.000674488,0.000674488,0.000674488
42,6303.29,1.23808,1.48256,1.44484,0.70053,0.6307,0.67298,0.46363,1.31081,1.36939,1.40815,0.000655625,0.000655625,0.000655625
43,6450.26,1.22427,1.47254,1.43749,0.70161,0.63152,0.66847,0.46291,1.29652,1.37554,1.3917,0.000636762,0.000636762,0.000636762
44,6597.98,1.21458,1.4319,1.42473,0.72883,0.64564,0.69568,0.48451,1.28946,1.30779,1.38951,0.0006179,0.0006179,0.0006179
45,6745.94,1.20314,1.41575,1.42099,0.70725,0.64551,0.67864,0.47446,1.28754,1.39008,1.39138,0.000599037,0.000599037,0.000599037
46,6900.97,1.19361,1.40144,1.41516,0.73247,0.65493,0.69509,0.48003,1.2831,1.33758,1.40115,0.000580174,0.000580174,0.000580174
47,7057.37,1.18491,1.3731,1.40428,0.69493,0.66724,0.69736,0.4909,1.27822,1.3393,1.37979,0.000561311,0.000561311,0.000561311
48,7213.26,1.17772,1.36263,1.4036,0.74687,0.63729,0.68608,0.48142,1.29307,1.37577,1.40311,0.000542448,0.000542448,0.000542448
49,7369.69,1.16727,1.34669,1.39432,0.72507,0.64838,0.68243,0.4781,1.28706,1.33631,1.41407,0.000523586,0.000523586,0.000523586
50,7526.27,1.16521,1.35416,1.39266,0.74448,0.6453,0.69134,0.48395,1.28538,1.34583,1.39783,0.000504723,0.000504723,0.000504723
51,7680.54,1.13832,1.31566,1.37358,0.72375,0.6419,0.68695,0.4838,1.28015,1.35787,1.38857,0.00048586,0.00048586,0.00048586
52,7828.9,1.11983,1.28345,1.36162,0.70161,0.645,0.67551,0.47406,1.27318,1.3817,1.38624,0.000466997,0.000466997,0.000466997
53,7977.45,1.11743,1.26659,1.36158,0.70029,0.64879,0.68222,0.48759,1.27986,1.35292,1.40886,0.000448134,0.000448134,0.000448134
54,8123.96,1.11322,1.24727,1.35397,0.73362,0.64295,0.68409,0.48116,1.2853,1.34773,1.40501,0.000429272,0.000429272,0.000429272
55,8272.05,1.09848,1.23009,1.34312,0.73183,0.64398,0.68305,0.48505,1.28082,1.3248,1.40524,0.000410409,0.000410409,0.000410409
56,8425.61,1.08997,1.20409,1.33618,0.77492,0.62581,0.69443,0.48965,1.28126,1.29916,1.41985,0.000391546,0.000391546,0.000391546
57,8596.25,1.08686,1.22089,1.33428,0.68515,0.67087,0.68554,0.48261,1.29779,1.37845,1.41529,0.000372683,0.000372683,0.000372683
58,8743.66,1.07258,1.19763,1.32686,0.73562,0.6382,0.68463,0.48181,1.28924,1.37241,1.40204,0.00035382,0.00035382,0.00035382
59,8899.46,1.05292,1.16509,1.31016,0.74047,0.65501,0.69026,0.48887,1.27223,1.31747,1.39509,0.000334958,0.000334958,0.000334958
60,9053.96,1.05202,1.16765,1.30705,0.75735,0.64113,0.69397,0.48632,1.29427,1.3286,1.4273,0.000316095,0.000316095,0.000316095
61,9201.02,1.02687,1.15973,1.30175,0.72184,0.65646,0.69441,0.48868,1.29723,1.34209,1.42611,0.000297232,0.000297232,0.000297232
62,9348.29,1.01526,1.13592,1.29202,0.74084,0.62779,0.68297,0.48028,1.29896,1.36743,1.42343,0.000278369,0.000278369,0.000278369
63,9495.2,1.02403,1.12247,1.28949,0.74399,0.63634,0.68393,0.48246,1.31003,1.36398,1.43575,0.000259506,0.000259506,0.000259506
64,9642.87,0.99484,1.09358,1.27261,0.74335,0.63625,0.67901,0.47879,1.31002,1.35744,1.45295,0.000240644,0.000240644,0.000240644
65,9789.98,0.99,1.08958,1.27403,0.71471,0.65365,0.68633,0.48737,1.30181,1.35664,1.44869,0.000221781,0.000221781,0.000221781
66,9920.33,0.78589,0.65634,1.1375,0.73438,0.64354,0.68526,0.47178,1.36728,1.39552,1.4929,0.000202918,0.000202918,0.000202918
67,10050.3,0.69309,0.56025,1.07196,0.71202,0.65059,0.67677,0.4764,1.32646,1.42877,1.47707,0.000184055,0.000184055,0.000184055
